0.9104999899864197
0.9352999925613403
0.9527999758720398
0.9581000208854675
0.9599999785423279
0.9656000137329102
0.9692999720573425
0.9695000052452087
0.9672999978065491
0.9696000218391418
0.974399983882904
0.9767000079154968
0.9768000245094299
0.9782000184059143
0.9794999957084656
0.9778000116348267
0.9786999821662903
0.9775999784469604
0.9793000221252441
0.9803000092506409
0.9797000288963318
0.9805999994277954
0.9796000123023987
0.9818000197410583
0.9825999736785889
0.9815999865531921
0.9829000234603882
0.9807000160217285
0.9805999994277954
0.9818000197410583
0.98089998960495
0.9805999994277954
0.9821000099182129
0.9822999835014343
0.9818000197410583
0.9825999736785889
0.9825000166893005
0.9821000099182129
0.9843999743461609
0.982699990272522
0.9824000000953674
0.9807000160217285
0.9832000136375427
0.9825000166893005
0.9843000173568726
0.9837999939918518
0.9846000075340271
0.9807999730110168
0.984000027179718
0.9807999730110168
