0.3006022870540619
0.20971181988716125
0.15678410232067108
0.13939251005649567
0.1386265605688095
0.11168602108955383
0.09818017482757568
0.10025977343320847
0.1002255231142044
0.09684990346431732
0.07991238683462143
0.07412070035934448
0.07232075929641724
0.06837399303913116
0.0642721951007843
0.06775863468647003
0.06692659854888916
0.06647704541683197
0.06488633155822754
0.059043653309345245
0.06417576968669891
0.06048637256026268
0.062191106379032135
0.05611913278698921
0.05687010660767555
0.058036696165800095
0.054751794785261154
0.06463587284088135
0.0630563423037529
0.05852009356021881
0.06217915192246437
0.06318997591733932
0.05504360795021057
0.056615013629198074
0.05678032711148262
0.0556148998439312
0.058522120118141174
0.06090782582759857
0.05320754274725914
0.05458597466349602
0.056041911244392395
0.0687761977314949
0.05627671629190445
0.056983545422554016
0.055724095553159714
0.05714954063296318
0.05430200695991516
0.07352614402770996
0.05632627382874489
0.06740943342447281
